60 757.53 3.86
877.26	36525.17	18.71
21363.17	32654.94	27.6
21363.17	32654.94	4.38
0.0	36657.74	21.36
23314.26	25631.64	17.8
21365.86	35052.47	8.71
22492.92	25438.45	3.3
24288.36	26075.12	24.47
24599.88	23227.54	8.64
877.26	36525.17	19.67
24158.25	6260.43	16.56
23260.9	27698.41	13.0
877.26	36525.17	26.65
0.0	36657.74	15.56
23942.11	25395.18	9.75
23260.9	27698.41	21.57
24353.54	22986.98	27.35
877.26	36525.17	15.06
23260.9	27698.41	12.14
11969.93	15812.81	18.91
21910.32	30262.41	3.71
23140.16	2620.98	28.32
877.26	36525.17	12.67
22492.92	25438.45	24.31
22492.92	25438.45	8.33
877.26	36525.17	9.02
24353.54	22986.98	20.65
23260.9	27698.41	19.16
877.26	36525.17	20.79
23260.9	27698.41	4.95286309 757.53 3.86
877.26	36525.17	18.71
21363.17	32654.94	27.6
21363.17	32654.94	4.38
0.0	36657.74	21.36
23314.26	25631.64	17.8
21365.86	35052.47	8.71
22492.92	25438.45	3.3
24288.36	26075.12	24.47
24599.88	23227.54	8.64
877.26	36525.17	19.67
24158.25	6260.43	16.56
23260.9	27698.41	13.0
877.26	36525.17	26.65
0.0	36657.74	15.56
23942.11	25395.18	9.75
23260.9	27698.41	21.57
24353.54	22986.98	27.35
877.26	36525.17	15.06
23260.9	27698.41	12.14
11969.93	15812.81	18.91
21910.32	30262.41	3.71
23140.16	2620.98	28.32
877.26	36525.17	12.67
22492.92	25438.45	24.31
22492.92	25438.45	8.33
877.26	36525.17	9.02
24353.54	22986.98	20.65
23260.9	27698.41	19.16
877.26	36525.17	20.79
23260.9	27698.41	4.9